{"B,B": 0.0, "B,HB": 11.536, "B,Do": 15.85, "B,D": 17.48, "B,E": 12.496, "B,F": 57.834, "B,HH": 24.836, "B,H": 27.066, "B,Ka": 5.46, "B,K": 18.702, "B,L": 43.588, "B,Ma": 9.6, "B,M": 19.728, "B,No": 0.0, "B,N": 15.812, "B,S": 22.916, "B,Ul": 14.204, "HB,B": 11.536, "HB,HB": 0.0, "HB,Do": 7.446, "HB,D": 8.028, "HB,E": 5.818, "HB,F": 25.688, "HB,HH": 12.906, "HB,H": 13.752, "HB,Ka": 2.35, "HB,K": 8.488, "HB,L": 16.192, "HB,Ma": 4.148, "HB,M": 8.24, "HB,No": 0.0, "HB,N": 6.586, "HB,S": 9.778, "HB,Ul": 6.02, "Do,B": 15.85, "Do,HB": 7.446, "Do,Do": 0.0, "Do,D": 16.214, "Do,E": 14.704, "Do,F": 38.91, "Do,HH": 14.636, "Do,H": 17.258, "Do,Ka": 3.532, "Do,K": 15.982, "Do,L": 22.816, "Do,Ma": 6.318, "Do,M": 11.978, "Do,No": 0.0, "Do,N": 9.648, "Do,S": 14.528, "Do,Ul": 8.846, "D,B": 17.48, "D,HB": 8.028, "D,Do": 16.214, "D,D": 0.0, "D,E": 16.844, "D,F": 43.424, "D,HH": 16.014, "D,H": 18.43, "D,Ka": 3.982, "D,K": 24.104, "D,L": 25.102, "D,Ma": 7.112, "D,M": 13.354, "D,No": 0.0, "D,N": 10.708, "D,S": 16.278, "D,Ul": 9.874, "E,B": 12.496, "E,HB": 5.818, "E,Do": 14.704, "E,D": 16.844, "E,E": 0.0, "E,F": 31.004, "E,HH": 11.504, "E,H": 13.228, "E,Ka": 2.804, "E,K": 13.81, "E,L": 17.95, "E,Ma": 5.006, "E,M": 9.488, "E,No": 0.0, "E,N": 7.616, "E,S": 11.514, "E,Ul": 7.008, "F,B": 57.834, "F,HB": 25.688, "F,Do": 38.91, "F,D": 43.424, "F,E": 31.004, "F,F": 0.0, "F,HH": 51.492, "F,H": 58.224, "F,Ka": 14.484, "F,K": 47.234, "F,L": 82.6, "F,Ma": 27.656, "F,M": 45.768, "F,No": 288.48, "F,N": 37.692, "F,S": 57.36, "F,Ul": 34.614, "HH,B": 24.836, "HH,HB": 12.906, "HH,Do": 14.636, "HH,D": 16.014, "HH,E": 11.504, "HH,F": 51.492, "HH,HH": 0.0, "HH,H": 27.004, "HH,Ka": 4.81, "HH,K": 17.018, "HH,L": 33.942, "HH,Ma": 8.472, "HH,M": 17.022, "HH,No": 0.0, "HH,N": 13.594, "HH,S": 20.066, "HH,Ul": 12.372, "H,B": 27.066, "H,HB": 13.752, "H,Do": 17.258, "H,D": 18.43, "H,E": 13.228, "H,F": 58.224, "H,HH": 27.004, "H,H": 0.0, "H,Ka": 5.414, "H,K": 19.522, "H,L": 38.752, "H,Ma": 9.596, "H,M": 18.986, "H,No": 0.0, "H,N": 15.344, "H,S": 22.574, "H,Ul": 13.86, "Ka,B": 5.46, "Ka,HB": 2.35, "Ka,Do": 3.532, "Ka,D": 3.982, "Ka,E": 2.804, "Ka,F": 14.484, "Ka,HH": 4.81, "Ka,H": 5.414, "Ka,Ka": 0.0, "Ka,K": 4.346, "Ka,L": 7.934, "Ka,Ma": 3.228, "Ka,M": 4.574, "Ka,No": 0.0, "Ka,N": 3.67, "Ka,S": 7.344, "Ka,Ul": 3.672, "K,B": 18.702, "K,HB": 8.488, "K,Do": 15.982, "K,D": 24.104, "K,E": 13.81, "K,F": 47.234, "K,HH": 17.018, "K,H": 19.522, "K,Ka": 4.346, "K,K": 0.0, "K,L": 26.928, "K,Ma": 7.814, "K,M": 14.386, "K,No": 0.0, "K,N": 11.564, "K,S": 17.666, "K,Ul": 10.67, "L,B": 43.588, "L,HB": 16.192, "L,Do": 22.816, "L,D": 25.102, "L,E": 17.95, "L,F": 82.6, "L,HH": 33.942, "L,H": 38.752, "L,Ka": 7.934, "L,K": 26.928, "L,L": 0.0, "L,Ma": 13.998, "L,M": 28.748, "L,No": 0.0, "L,N": 23.722, "L,S": 33.392, "L,Ul": 20.702, "Ma,B": 9.6, "Ma,HB": 4.148, "Ma,Do": 6.318, "Ma,D": 7.112, "Ma,E": 5.006, "Ma,F": 27.656, "Ma,HH": 8.472, "Ma,H": 9.596, "Ma,Ka": 3.228, "Ma,K": 7.814, "Ma,L": 13.998, "Ma,Ma": 0.0, "Ma,M": 7.88, "Ma,No": 0.0, "Ma,N": 6.468, "Ma,S": 11.288, "Ma,Ul": 6.16, "M,B": 19.728, "M,HB": 8.24, "M,Do": 11.978, "M,D": 13.354, "M,E": 9.488, "M,F": 45.768, "M,HH": 17.022, "M,H": 18.986, "M,Ka": 4.574, "M,K": 14.386, "M,L": 28.748, "M,Ma": 7.88, "M,M": 0.0, "M,No": 0.0, "M,N": 14.008, "M,S": 20.066, "M,Ul": 13.638, "No,B": 0.0, "No,HB": 0.0, "No,Do": 0.0, "No,D": 0.0, "No,E": 0.0, "No,F": 288.48, "No,HH": 0.0, "No,H": 0.0, "No,Ka": 0.0, "No,K": 0.0, "No,L": 0.0, "No,Ma": 0.0, "No,M": 0.0, "No,No": 0.0, "No,N": 0.0, "No,S": 0.0, "No,Ul": 0.0, "N,B": 15.812, "N,HB": 6.586, "N,Do": 9.648, "N,D": 10.708, "N,E": 7.616, "N,F": 37.692, "N,HH": 13.594, "N,H": 15.344, "N,Ka": 3.67, "N,K": 11.564, "N,L": 23.722, "N,Ma": 6.468, "N,M": 14.008, "N,No": 0.0, "N,N": 0.0, "N,S": 16.07, "N,Ul": 10.154, "S,B": 22.916, "S,HB": 9.778, "S,Do": 14.528, "S,D": 16.278, "S,E": 11.514, "S,F": 57.36, "S,HH": 20.066, "S,H": 22.574, "S,Ka": 7.344, "S,K": 17.666, "S,L": 33.392, "S,Ma": 11.288, "S,M": 20.066, "S,No": 0.0, "S,N": 16.07, "S,S": 0.0, "S,Ul": 18.056, "Ul,B": 14.204, "Ul,HB": 6.02, "Ul,Do": 8.846, "Ul,D": 9.874, "Ul,E": 7.008, "Ul,F": 34.614, "Ul,HH": 12.372, "Ul,H": 13.86, "Ul,Ka": 3.672, "Ul,K": 10.67, "Ul,L": 20.702, "Ul,Ma": 6.16, "Ul,M": 13.638, "Ul,No": 0.0, "Ul,N": 10.154, "Ul,S": 18.056, "Ul,Ul": 0.0}